满座率不超过90的情况下：
最优方案为：3 4 5 6 7 8 9 10 12 13 14 16 17 18 19 20 21 22 23 24 25 26 27 28 29 30 31 32 34 35 36 37 38 39 40 41 42 43 
这个方案的总耗电量为：
80577
这个方案的满座率为：0.899968
满座率不超过91的情况下：
最优方案为：2 3 4 5 6 7 8 9 10 12 13 14 17 18 19 20 21 22 23 24 26 27 28 29 30 31 32 34 35 36 37 38 39 40 41 42 43 
这个方案的总耗电量为：
79497
这个方案的满座率为：0.909645
满座率不超过92的情况下：
最优方案为：3 4 5 6 7 8 9 10 12 13 14 17 18 19 20 22 23 24 25 26 27 28 29 30 31 32 33 34 35 36 37 38 39 40 41 42 43 
这个方案的总耗电量为：
78249
这个方案的满座率为：0.919682
满座率不超过93的情况下：
最优方案为：3 4 5 6 7 8 9 10 11 12 13 14 17 18 19 20 21 22 23 24 25 26 27 28 29 30 31 32 34 35 36 37 38 39 40 43 45 
这个方案的总耗电量为：
77333
这个方案的满座率为：0.929638
满座率不超过94的情况下：
最优方案为：3 4 5 6 7 8 9 10 12 13 14 17 18 19 20 21 22 23 24 25 26 27 28 29 30 31 32 34 35 36 37 38 39 40 43 45 
这个方案的总耗电量为：
76253
这个方案的满座率为：0.939499
满座率不超过95的情况下：
最优方案为：3 4 5 6 7 8 9 10 11 12 13 14 17 18 19 20 21 22 23 24 25 26 27 28 29 30 31 32 34 35 36 37 38 39 40 43 
这个方案的总耗电量为：
75173
这个方案的满座率为：0.948302
满座率不超过96的情况下：
最优方案为：3 4 5 6 7 8 9 10 11 12 13 14 17 18 19 20 21 22 23 24 26 27 28 29 30 31 32 34 35 36 37 38 39 40 43 
这个方案的总耗电量为：
74093
这个方案的满座率为：0.95954
满座率不超过97的情况下：
最优方案为：3 4 5 6 7 8 9 10 11 12 13 14 17 18 19 20 22 23 24 25 26 27 28 29 30 31 32 34 35 36 37 38 39 40 43 
这个方案的总耗电量为：
73445
这个方案的满座率为：0.967731
满座率不超过98的情况下：
最优方案为：3 4 5 6 7 8 9 10 11 12 13 14 17 18 19 20 22 23 24 26 27 28 29 30 31 32 34 35 36 37 38 39 40 43 
这个方案的总耗电量为：
72365
这个方案的满座率为：0.979437
满座率不超过99的情况下：
最优方案为：3 4 5 6 7 8 9 10 12 13 14 17 18 19 20 21 22 23 24 26 27 28 29 30 32 34 35 36 37 38 39 40 43 
这个方案的总耗电量为：
71573
这个方案的满座率为：0.988662
满座率不超过100的情况下：
最优方案为：3 4 5 6 8 9 10 12 13 14 17 18 19 20 22 23 24 25 26 27 28 29 30 31 32 34 35 36 37 38 39 40 43 
这个方案的总耗电量为：
70637
这个方案的满座率为：0.999119
