355 305 658 380 419 565 414 488 326
695 533 469 506 434 473 390 532 604
512 556 384 452 613 572 484 527 618
324 541 320 466 422 650 306 607 688
696 616 475 499 386 557 428 684 591
465 598 407 476 673 573 385 636 552
354 383 543 552 448 530 481 318 311
425 305 454 573 337 314 545 543 306
307 376 535 323 447 553 587 577 334
482 477 441 361 570 580 591 491 522
64 88 193 193 128 120 120 120 110 120 64 247 190 210 70 85 192 195 128 120 120 120 110 160 70 256 190 210 190 205 110 160 70 256 190 210 190 190 210 200 150 150 180 70 120 1680 1680 2400 2400 1620 1620 1728 1620 1440 1620 1080 3375 2304 2500 1680 1680 2400 2400 1620 1620 1728 1620 1440 1620 1080 3375 2304 2500 2304 2500 1440 1620 1080 3375 2304 2500 2304 2304 2500 2304 2500 2304 2304 1250 2160